30
73
100 100

3 98 756
34 36 2712
100 6 1633
49 26 2332
14 56 2187
100 3 470
10 90 1569
23 95 4947
10 97 2757
50 47 4274
41 45 4347
13 12 396
19 68 3866
50 46 5447
23 70 2904
28 82 6032
12 65 1799
9 86 929
21 96 5186
19 64 2120
21 75 1629
45 26 2059
19 77 2583
5 84 953
16 21 1000
23 69 2900
5 89 1102
22 63 2234
41 6 458
76 30 5458

5 1
6 5
7 4
8 1
8 3
8 4
9 3
10 8
12 6
12 9
13 10
14 10
15 11
16 2
16 9
16 10
16 13
16 14
16 15
17 6
17 13
17 15
17 16
18 9
18 10
19 5
19 8
20 5
21 6
21 11
21 12
21 15
21 19
21 20
22 3
22 7
22 9
22 16
23 2
23 6
23 7
23 8
23 12
23 20
23 22
24 2
24 11
25 9
25 14
25 24
26 6
26 9
26 14
26 16
26 19
26 20
26 23
26 25
27 5
27 9
27 13
27 24
28 7
28 8
28 17
28 21
28 22
28 26
29 3
29 25
30 8
30 21
30 25

okp3
type: 0
density: 0.170