33
52
100 100

48 48 5145
6 85 874
100 14 2924
17 85 3182
69 20 2862
12 72 1224
5 48 531
1 97 249
66 36 6601
15 53 1005
29 80 6228
19 77 3362
97 7 907
7 57 473
63 37 6137
71 14 1556
3 76 313
34 54 4123
5 91 581
14 87 1999
62 28 5004
6 7 2040
20 71 3143
92 7 795
10 77 1460
99 4 841
14 44 1107
100 2 280
56 40 5898
86 14 2096
22 93 4411
13 99 3456
7 76 1406

7 3
8 7
10 5
11 2
12 3
13 1
13 3
13 5
16 3
17 2
17 16
18 7
18 10
18 12
19 8
20 2
20 6
20 15
20 18
20 19
21 5
22 6
22 13
23 6
23 9
23 12
24 6
24 10
24 13
24 23
25 8
25 12
25 23
26 16
26 17
27 20
27 21
28 5
28 9
28 13
28 15
30 7
30 21
30 27
31 14
31 19
31 30
32 5
32 12
32 14
33 8
33 13

okp4
type: 0
density: 0.100