33
89
100 100

48 48 5145
6 85 874
100 14 2924
17 85 3182
69 20 2862
12 72 1224
5 48 531
1 97 249
66 36 6601
15 53 1005
29 80 6228
19 77 3362
97 7 907
7 57 473
63 37 6137
71 14 1556
3 76 313
34 54 4123
5 91 581
14 87 1999
62 28 5004
6 7 2040
20 71 3143
92 7 795
10 77 1460
99 4 841
14 44 1107
100 2 280
56 40 5898
86 14 2096
22 93 4411
13 99 3456
7 76 1406

4 3
5 2
5 4
6 5
7 4
7 5
8 2
8 7
9 1
10 5
10 7
11 9
12 3
12 7
12 9
13 6
13 8
13 12
14 1
14 7
15 1
15 5
15 9
15 13
16 2
16 8
16 13
17 7
17 8
17 11
18 3
18 5
18 14
18 16
19 6
19 9
20 3
20 14
21 2
21 15
22 4
22 13
23 1
23 7
23 11
23 16
23 17
23 18
24 16
24 19
25 5
25 16
25 24
26 13
26 19
27 12
27 15
27 20
27 24
27 25
28 3
28 23
29 1
29 3
29 6
29 10
29 13
29 14
29 20
29 22
29 25
30 3
30 5
30 9
31 7
31 15
31 16
31 22
31 25
31 30
32 9
32 14
32 16
32 17
32 25
33 2
33 5
33 23
33 25

okp4
type: 0
density: 0.170