33
132
100 100

48 48 5145
6 85 874
100 14 2924
17 85 3182
69 20 2862
12 72 1224
5 48 531
1 97 249
66 36 6601
15 53 1005
29 80 6228
19 77 3362
97 7 907
7 57 473
63 37 6137
71 14 1556
3 76 313
34 54 4123
5 91 581
14 87 1999
62 28 5004
6 7 2040
20 71 3143
92 7 795
10 77 1460
99 4 841
14 44 1107
100 2 280
56 40 5898
86 14 2096
22 93 4411
13 99 3456
7 76 1406

2 1
4 1
6 1
6 2
6 4
7 4
7 6
8 4
8 6
9 3
9 6
10 4
11 3
11 5
11 8
11 9
12 3
12 4
12 8
12 9
12 10
13 1
13 9
14 1
14 2
14 5
15 3
15 7
15 8
15 11
15 12
16 4
16 5
16 7
16 13
17 1
17 5
17 8
17 10
18 1
18 2
18 8
18 11
19 1
19 4
19 8
19 11
19 18
20 3
20 10
20 12
20 17
21 4
21 5
21 7
21 15
21 17
22 4
22 6
22 7
22 11
22 16
23 8
23 15
24 1
24 9
24 13
24 14
24 15
24 16
24 17
24 21
24 23
25 1
25 12
25 18
26 1
26 4
26 14
26 18
26 19
26 20
26 24
27 2
27 7
27 10
27 11
27 12
27 16
27 25
28 6
28 7
28 10
28 14
28 21
28 24
28 25
28 26
29 14
29 16
29 17
29 20
29 24
29 25
29 27
29 28
30 14
30 15
30 19
30 25
31 5
31 10
31 13
31 21
31 22
31 24
31 26
32 6
32 7
32 9
32 11
32 15
32 30
33 4
33 5
33 7
33 12
33 18
33 19
33 21
33 28
33 32

okp4
type: 0
density: 0.250