29
69
100 100

8 81 953
5 76 389
42 19 1668
6 80 676
41 48 3580
6 86 1416
58 20 3166
99 3 537
9 52 1176
100 14 3434
7 53 676
24 54 1408
23 77 2362
42 32 4031
17 30 1152
11 90 2255
26 65 3570
11 84 1913
100 11 1552
29 81 4559
10 64 713
25 48 1279
17 93 3989
77 31 4850
3 71 299
89 9 1577
1 6 12
12 99 2116
21 26 1214

6 2
7 6
8 7
9 1
9 3
9 4
10 1
10 3
10 6
10 8
11 1
11 3
12 5
12 6
12 7
12 11
13 9
13 11
14 7
14 8
15 5
15 8
16 2
16 7
16 9
16 12
16 13
16 15
17 10
17 12
18 3
18 8
18 14
19 3
20 1
20 4
20 8
20 10
20 14
20 15
20 18
21 16
22 1
22 3
23 4
23 12
24 2
24 15
24 19
25 4
25 6
25 21
26 3
26 6
27 12
27 19
28 1
28 2
28 14
28 18
28 19
28 22
28 25
29 11
29 12
29 13
29 14
29 24
29 26

okp5
type: 0
density: 0.170