30
108
1000 1000

541 745 403045
344 301 103544
413 294 121422
266 341 90706
543 388 210684
367 701 257267
526 707 371882
286 706 201916
614 289 177446
348 592 206016
673 431 290063
475 362 171950
562 439 246718
530 638 338140
609 375 228375
540 274 147960
486 634 308124
272 377 102544
623 306 190638
266 714 189924
341 336 114576
340 296 100640
531 479 254349
571 589 336319
674 496 334304
560 497 278320
509 389 198001
650 332 215800
474 285 135090
419 503 210757

2 1
5 3
6 3
9 4
9 7
9 8
10 7
10 9
11 1
11 4
11 5
11 7
12 1
12 9
13 4
13 8
14 1
14 5
16 3
16 4
16 7
16 8
16 9
17 1
17 9
18 2
18 3
18 14
19 1
19 5
19 16
19 18
20 1
20 3
20 4
20 5
20 7
20 11
20 14
21 2
21 3
21 4
21 5
21 6
21 7
21 9
21 11
21 14
21 15
21 16
22 4
22 6
22 10
22 11
22 12
22 14
22 21
23 1
23 11
24 3
24 4
24 7
24 9
24 22
25 1
25 7
25 9
25 16
25 21
25 22
26 1
26 5
26 9
26 24
27 1
27 2
27 11
27 15
27 17
27 18
28 5
28 6
28 10
28 11
28 12
28 14
28 15
28 16
28 19
28 21
28 24
28 26
29 1
29 4
29 12
29 18
29 25
29 27
30 1
30 2
30 5
30 10
30 15
30 20
30 22
30 23
30 26
30 28

gcut11
type: 0
density: 0.250