20
32
1000 1000

730 300 219000
269 717 192873
463 369 170847
642 464 297888
453 329 149037
455 667 303485
506 482 243892
560 362 202720
483 260 125580
693 345 239085
381 510 194310
456 586 267216
457 453 207021
707 658 465206
639 650 415350
691 359 248069
434 700 303800
576 291 167616
728 739 537992
545 742 404390

4 3
5 2
6 2
6 3
9 5
9 6
10 5
10 7
11 5
12 2
12 5
13 7
13 8
14 6
14 9
15 4
15 10
15 12
16 2
16 10
17 6
17 11
17 14
18 2
18 9
18 14
18 15
18 17
19 4
19 5
19 9
19 18

gcut10
type: 0
density: 0.170