30
73
500 500

348 220 76560
255 184 46920
191 249 47559
212 194 41128
348 322 112056
171 369 63099
206 327 67362
221 277 61217
250 202 50500
205 226 46330
193 280 54040
364 311 113204
264 224 59136
244 347 84668
270 338 91260
224 236 52864
168 177 29736
285 347 98895
315 294 92610
247 219 54093
315 302 95130
129 147 18963
268 273 73164
350 352 123200
186 258 47988
365 374 136510
145 259 37555
284 184 52256
129 198 25542
146 351 51246

5 1
6 5
7 4
8 1
8 3
8 4
9 3
10 8
12 6
12 9
13 10
14 10
15 11
16 2
16 9
16 10
16 13
16 14
16 15
17 6
17 13
17 15
17 16
18 9
18 10
19 5
19 8
20 5
21 6
21 11
21 12
21 15
21 19
21 20
22 3
22 7
22 9
22 16
23 2
23 6
23 7
23 8
23 12
23 20
23 22
24 2
24 11
25 9
25 14
25 24
26 6
26 9
26 14
26 16
26 19
26 20
26 23
26 25
27 5
27 9
27 13
27 24
28 7
28 8
28 17
28 21
28 22
28 26
29 3
29 25
30 8
30 21
30 25

gcut7
type: 0
density: 0.170