30
43
250 250

66 80 5280
164 107 17548
64 184 11776
121 86 10406
163 135 22005
85 98 8330
81 102 8262
103 186 19158
152 106 16112
176 139 24464
111 118 13098
69 169 11661
146 133 19418
112 112 12544
133 160 21280
63 129 8127
163 152 24776
110 155 17050
96 136 13056
92 142 13064
84 143 12012
119 133 15827
71 71 5041
146 84 12264
93 86 7998
89 86 7654
101 146 14746
172 73 12556
73 169 12337
99 99 9801

6 1
8 3
9 6
10 4
11 3
11 8
12 8
13 3
14 7
15 12
16 5
16 6
16 10
17 10
18 2
18 11
19 14
20 4
20 8
20 10
21 8
22 15
22 20
23 4
23 14
24 7
24 9
24 19
24 20
25 2
25 9
25 21
26 8
26 14
27 1
27 3
27 19
28 14
28 24
29 2
29 5
29 24
30 6

gcut3
type: 0
density: 0.100