20
32
500 500

313 305 95465
292 222 64824
330 253 83490
212 256 54272
132 189 24948
149 296 44104
294 137 40278
225 345 77625
345 220 75900
337 177 59649
189 300 56700
234 321 75114
335 272 91120
354 244 86376
149 169 25181
355 165 58575
260 220 57200
210 241 50610
194 372 72168
287 134 38458

4 3
5 2
6 2
6 3
9 5
9 6
10 5
10 7
11 5
12 2
12 5
13 7
13 8
14 6
14 9
15 4
15 10
15 12
16 2
16 10
17 6
17 11
17 14
18 2
18 9
18 14
18 15
18 17
19 4
19 5
19 9
19 18

gcut6
type: 0
density: 0.170