50
122
500 500

277 242 67034
233 177 41241
182 216 39312
147 134 19698
213 127 27051
315 212 66780
261 175 45675
210 281 59010
243 256 62208
159 314 49926
217 147 31899
260 349 90740
222 199 44178
296 127 37592
263 302 79426
226 250 56500
264 344 90816
237 179 42423
245 137 33565
137 328 44936
321 154 49434
200 174 34800
270 128 34560
299 179 53521
165 370 61050
198 182 36036
155 295 45725
278 219 60882
184 155 28520
187 270 50490
208 293 60944
261 204 53244
344 168 57792
213 135 28755
362 162 58644
362 374 135388
237 322 76314
281 308 86548
155 344 53320
210 163 34230
325 225 73125
360 225 81000
346 347 120062
131 144 18864
284 284 80656
262 228 59736
146 178 25988
254 164 41656
332 238 79016
313 304 95152

5 2
7 2
7 6
8 2
9 4
10 1
11 6
11 8
13 4
13 12
14 3
14 7
15 14
16 8
16 14
17 8
18 2
18 3
18 11
19 13
19 14
20 5
20 10
20 16
21 19
22 13
22 18
23 4
23 7
23 11
24 6
24 9
24 10
25 2
26 11
26 12
27 9
27 13
27 24
28 4
28 9
29 4
29 17
29 22
30 3
31 6
31 7
31 23
32 10
32 25
33 3
33 16
34 30
35 26
35 27
36 16
36 18
36 19
36 24
36 32
37 26
37 36
38 9
38 17
39 21
39 32
40 6
40 18
40 23
40 24
41 2
41 16
41 25
41 30
41 36
41 39
42 34
43 12
43 13
43 16
43 38
44 20
44 23
45 5
45 9
45 11
45 14
45 17
45 19
45 21
45 29
45 30
45 35
45 39
45 42
46 6
46 9
46 22
46 26
46 27
46 29
46 45
47 19
47 31
48 2
48 4
48 20
48 24
48 28
48 36
48 47
49 34
49 36
49 39
49 46
50 8
50 17
50 30
50 32
50 34
50 43
50 48

gcut8
type: 0
density: 0.100