50
122
250 250

139 103 14317
166 99 16434
88 74 6512
174 139 24186
128 109 13952
175 179 31325
62 82 5084
178 87 15486
121 77 9317
125 97 12125
73 84 6132
69 97 6693
122 159 19398
66 69 4554
111 118 13098
165 86 14190
71 83 5893
163 162 26406
67 132 8844
121 152 18392
68 150 10200
138 124 17112
141 105 14805
183 122 22326
171 63 10773
101 64 6464
103 95 9785
110 107 11770
184 158 29072
85 97 8245
86 92 7912
127 155 19685
92 147 13524
106 97 10282
177 108 19116
164 150 24600
68 84 5712
62 151 9362
123 134 16482
158 178 28124
70 140 9800
173 117 20241
147 136 19992
141 145 20445
84 164 13776
144 141 20304
92 103 9476
156 98 15288
160 111 17760
127 131 16637

5 2
7 2
7 6
8 2
9 4
10 1
11 6
11 8
13 4
13 12
14 3
14 7
15 14
16 8
16 14
17 8
18 2
18 3
18 11
19 13
19 14
20 5
20 10
20 16
21 19
22 13
22 18
23 4
23 7
23 11
24 6
24 9
24 10
25 2
26 11
26 12
27 9
27 13
27 24
28 4
28 9
29 4
29 17
29 22
30 3
31 6
31 7
31 23
32 10
32 25
33 3
33 16
34 30
35 26
35 27
36 16
36 18
36 19
36 24
36 32
37 26
37 36
38 9
38 17
39 21
39 32
40 6
40 18
40 23
40 24
41 2
41 16
41 25
41 30
41 36
41 39
42 34
43 12
43 13
43 16
43 38
44 20
44 23
45 5
45 9
45 11
45 14
45 17
45 19
45 21
45 29
45 30
45 35
45 39
45 42
46 6
46 9
46 22
46 26
46 27
46 29
46 45
47 19
47 31
48 2
48 4
48 20
48 24
48 28
48 36
48 47
49 34
49 36
49 39
49 46
50 8
50 17
50 30
50 32
50 34
50 43
50 48

gcut4
type: 0
density: 0.100