50
122
1000 1000

572 665 380380
482 640 308480
264 594 156816
349 566 197534
276 660 182160
745 422 314390
434 622 269948
446 433 193118
668 506 338008
405 635 257175
486 320 155520
554 549 304146
392 491 192472
459 528 242352
426 579 246654
728 359 261352
644 465 299460
382 323 123386
268 352 94336
324 512 165888
277 426 118002
254 685 173990
483 532 256956
678 414 280692
546 590 322140
716 640 458240
542 400 216800
634 596 377864
497 696 345912
417 300 125100
290 605 175450
321 520 166920
543 290 157470
599 269 161131
467 679 317093
583 421 245443
729 723 527067
465 590 274350
614 585 359190
446 327 145842
734 616 452144
479 606 290274
656 278 182368
537 355 190635
604 519 313476
746 596 444616
439 281 123359
339 405 137295
273 526 143598
625 568 355000

5 2
7 2
7 6
8 2
9 4
10 1
11 6
11 8
13 4
13 12
14 3
14 7
15 14
16 8
16 14
17 8
18 2
18 3
18 11
19 13
19 14
20 5
20 10
20 16
21 19
22 13
22 18
23 4
23 7
23 11
24 6
24 9
24 10
25 2
26 11
26 12
27 9
27 13
27 24
28 4
28 9
29 4
29 17
29 22
30 3
31 6
31 7
31 23
32 10
32 25
33 3
33 16
34 30
35 26
35 27
36 16
36 18
36 19
36 24
36 32
37 26
37 36
38 9
38 17
39 21
39 32
40 6
40 18
40 23
40 24
41 2
41 16
41 25
41 30
41 36
41 39
42 34
43 12
43 13
43 16
43 38
44 20
44 23
45 5
45 9
45 11
45 14
45 17
45 19
45 21
45 29
45 30
45 35
45 39
45 42
46 6
46 9
46 22
46 26
46 27
46 29
46 45
47 19
47 31
48 2
48 4
48 20
48 24
48 28
48 36
48 47
49 34
49 36
49 39
49 46
50 8
50 17
50 30
50 32
50 34
50 43
50 48

gcut12
type: 0
density: 0.100