32
84
3000 3000

365 185 67525
378 200 75600
410 165 67650
425 148 62900
425 296 125800
439 116 50924
464 1006 466784
520 205 106600
520 350 182000
540 530 286200
549 1413 775737
549 1882 1033218
553 496 274288
555 755 419025
555 496 275280
555 659 365745
567 473 268191
572 592 338624
572 975 557700
572 1175 672100
572 1575 900900
572 1390 795080
572 1490 852280
572 1590 909480
572 1690 966680
572 1890 1081080
610 625 381250
660 490 323400
690 447 308430
949 445 422305
949 478 453622
970 463 449110

5 2
8 7
12 2
12 9
13 3
13 5
13 12
14 2
14 9
15 1
15 5
15 9
15 10
16 1
16 3
16 4
16 14
17 1
17 2
17 10
18 6
18 10
18 16
19 2
19 5
19 17
20 3
20 9
20 13
20 16
20 18
21 2
21 3
21 5
21 16
22 3
22 9
23 11
23 21
23 22
24 2
24 8
24 10
24 12
24 13
24 15
24 19
24 23
25 2
25 6
25 16
25 22
25 24
26 5
26 8
26 15
26 22
27 4
27 5
27 12
27 22
28 3
28 9
28 18
28 20
29 7
29 13
29 17
30 8
30 9
30 16
30 23
31 8
31 17
31 19
31 20
31 25
31 26
31 27
32 9
32 15
32 16
32 19
32 24

gcut13
type: 0
density: 0.170