20
47
250 250

120 133 15960
135 186 25110
86 75 6450
103 73 7519
66 85 5610
135 97 13095
91 175 15925
131 176 23056
71 176 12496
153 72 11016
87 148 12876
168 107 17976
118 90 10620
140 109 15260
132 159 20988
152 93 14136
135 68 9180
121 158 19118
68 94 6392
155 76 11780

4 1
6 3
7 3
7 4
7 5
7 6
8 2
8 4
8 6
9 5
10 1
11 5
12 2
12 6
12 11
13 3
13 5
13 9
13 12
14 10
14 11
15 1
15 3
15 4
15 7
15 9
16 6
16 7
16 9
16 13
17 6
17 11
17 16
18 1
18 6
18 14
19 13
19 14
19 15
19 16
19 18
20 1
20 3
20 11
20 12
20 13
20 16

gcut2
type: 0
density: 0.250