60
177
3500 3650

1934 775 693
855 855 253
1855 1260 581
2033 751 331
1818 1057 380
736 2012 189
1791 2017 402
717 2354 581
708 1649 527
1981 1913 347
1474 2075 747
2108 1370 290
1344 1867 684
2146 969 333
1072 2111 489
1260 1236 445
874 1590 659
2085 2029 333
1143 1472 441
1141 1551 391
1206 857 681
1422 969 584
1214 2293 602
1309 888 746
1014 2076 626
2224 2088 737
1145 926 576
706 799 295
1626 1831 657
1068 1522 607
1639 798 456
1457 2150 526
1566 895 178
1844 1852 487
1834 1778 541
1511 1058 201
1108 2315 473
1999 1839 278
830 1285 599
1379 756 191
1755 1694 446
1645 814 730
1088 1695 378
767 1601 454
1158 1634 394
1828 854 665
993 1888 185
2245 1806 664
2216 2343 373
1122 1956 564
2192 2279 353
1481 1983 712
900 927 211
882 1190 381
2187 1561 581
1545 2181 321
798 880 231
1695 1789 233
1904 1991 528
1464 1516 696

6 1
9 6
10 2
10 4
11 5
12 6
13 3
14 8
15 5
16 7
16 8
16 13
18 9
18 14
19 1
21 11
21 20
22 8
23 4
23 6
23 12
23 20
25 1
26 7
26 17
26 23
27 4
27 5
27 13
28 20
28 24
29 5
30 6
30 21
30 25
30 28
31 25
32 18
33 9
33 11
33 14
33 17
33 27
34 8
34 10
34 16
34 20
35 16
35 19
35 21
36 10
36 18
37 2
37 6
37 24
37 36
38 1
38 26
38 30
39 7
39 8
39 16
39 17
39 22
39 25
39 38
40 13
40 16
40 33
40 34
41 8
41 18
41 23
42 38
43 38
44 19
44 20
44 23
44 28
44 35
44 41
45 1
45 9
45 29
45 42
46 2
46 3
46 15
46 21
46 35
46 39
46 45
47 1
47 10
47 35
47 36
47 43
48 44
48 46
49 14
49 24
49 25
49 38
50 1
50 8
50 10
50 21
50 24
50 34
50 40
51 6
51 8
51 25
51 40
51 42
51 46
52 3
52 9
52 10
52 12
52 18
52 19
52 35
52 39
53 4
53 21
53 23
53 52
54 11
54 12
54 15
54 21
54 28
54 29
54 32
54 37
54 39
54 51
55 24
55 27
55 29
55 32
55 39
56 7
56 9
56 14
56 16
56 24
56 25
56 28
56 30
56 38
56 49
57 18
57 19
57 29
57 31
57 39
57 45
58 5
58 10
58 12
58 14
58 17
58 35
58 40
58 41
58 46
58 49
58 51
58 55
58 56
59 2
59 33
59 55
60 10
60 35

uw10
type: 0
density: 0.100