30
73
555 632

110 100 110
141 261 130
312 122 150
212 252 340
100 123 170
98 110 300
213 101 370
112 219 160
141 102 480
111 153 160
133 227 310
220 230 520
166 236 600
99 129 700
186 335 580
267 331 630
333 130 620
120 252 524
121 257 620
121 124 427
257 163 469
152 251 357
354 254 354
96 200 452
119 98 307
154 169 458
254 352 562
154 158 394
92 167 405
206 157 309

5 1
6 5
7 4
8 1
8 3
8 4
9 3
10 8
12 6
12 9
13 10
14 10
15 11
16 2
16 9
16 10
16 13
16 14
16 15
17 6
17 13
17 15
17 16
18 9
18 10
19 5
19 8
20 5
21 6
21 11
21 12
21 15
21 19
21 20
22 3
22 7
22 9
22 16
23 2
23 6
23 7
23 8
23 12
23 20
23 22
24 2
24 11
25 9
25 14
25 24
26 6
26 9
26 14
26 16
26 19
26 20
26 23
26 25
27 5
27 9
27 13
27 24
28 7
28 8
28 17
28 21
28 22
28 26
29 3
29 25
30 8
30 21
30 25

uw11
type: 0
density: 0.170