25
51
500 500

240 247 202
252 182 738
187 147 197
203 266 361
111 235 723
205 168 330
274 202 664
229 176 179
224 190 637
307 224 583
231 260 200
250 286 288
115 142 503
174 278 715
142 127 155
223 157 719
143 146 280
214 205 309
183 137 574
174 258 671
216 278 386
214 238 292
263 240 269
237 117 514
180 188 465

4 3
5 2
6 2
7 6
8 3
9 4
10 2
11 1
11 7
12 1
13 9
13 11
14 7
15 11
15 14
16 2
16 5
16 8
16 14
17 8
17 13
17 14
18 2
18 3
18 13
19 14
20 5
20 8
20 10
20 14
20 16
21 6
21 7
21 9
21 14
22 4
22 13
22 21
23 2
23 3
23 11
24 6
24 7
24 9
24 14
24 18
24 20
24 21
25 2
25 17
25 19

uw1
type: 0
density: 0.170