35
59
560 750

360 183 570
113 454 688
145 427 503
256 247 417
206 441 653
235 293 576
183 283 681
317 202 304
146 461 544
216 316 554
182 314 551
153 341 532
315 387 662
298 203 165
253 327 521
212 343 347
221 215 420
152 381 595
126 156 492
201 182 342
273 343 582
159 212 704
134 197 195
260 327 633
251 327 579
318 478 338
126 430 269
194 253 466
157 174 620
235 356 254
157 418 449
356 391 696
357 302 431
249 349 732
123 289 527

5 3
7 6
9 2
10 9
12 8
13 7
14 1
14 3
15 8
16 4
16 8
17 11
19 7
19 9
19 12
20 18
20 19
21 8
21 20
22 6
22 10
22 13
22 15
23 11
24 8
24 14
25 20
25 21
25 24
26 3
26 11
26 18
26 25
27 25
28 4
28 8
28 12
28 21
29 4
29 8
29 11
29 21
30 8
30 9
30 15
30 27
30 29
31 21
31 22
32 4
33 20
33 29
33 32
34 8
34 15
34 17
35 3
35 10
35 24

uw2
type: 0
density: 0.100