35
101
700 650

425 245 440
256 419 589
141 255 650
193 176 278
253 412 650
376 271 231
347 220 334
311 131 154
333 319 284
366 173 239
315 281 452
432 406 246
325 162 347
424 320 324
401 340 275
165 204 251
295 204 599
195 208 209
416 373 322
359 384 448
449 291 241
190 305 365
257 298 468
424 133 229
396 131 688
149 258 555
284 407 393
312 299 456
356 226 360
443 341 595
409 144 211
433 369 696
365 317 456
367 312 597
248 191 494

6 1
6 5
7 3
10 1
10 2
10 9
11 3
11 5
12 3
12 11
13 9
13 11
14 11
14 12
15 9
16 3
16 10
16 12
16 14
16 15
17 3
17 7
17 11
18 9
19 14
20 9
21 15
21 17
22 1
22 5
22 8
22 9
22 14
22 16
23 3
23 8
23 11
23 12
23 16
23 18
23 19
23 20
24 2
24 12
25 9
25 11
25 19
25 21
26 5
26 11
26 12
26 25
27 1
27 3
27 6
27 16
27 23
28 9
28 21
29 15
29 18
29 19
29 23
30 2
30 4
30 7
30 15
30 17
30 19
30 21
30 22
31 9
31 11
31 14
31 25
31 26
31 27
32 10
32 16
32 22
33 1
33 14
33 16
33 26
33 29
33 30
34 13
34 16
34 19
34 26
34 31
34 32
35 1
35 3
35 9
35 13
35 20
35 21
35 23
35 33
35 34

uw3
type: 0
density: 0.170