45
99
1245 1015

633 266 248
508 545 302
800 368 537
357 265 704
640 477 249
608 323 386
433 204 483
691 590 243
433 584 253
260 594 694
380 294 407
350 524 537
322 554 686
316 387 397
800 382 422
451 260 531
598 215 221
341 435 218
324 532 224
713 538 520
599 218 706
604 333 710
434 363 682
521 458 436
488 281 249
311 318 170
394 284 335
532 236 700
309 477 725
468 504 432
607 332 168
492 569 514
523 374 587
511 377 254
265 331 566
739 495 566
655 633 322
298 495 503
586 321 626
769 246 196
483 427 456
287 534 516
370 609 288
708 231 532
414 447 677

3 1
6 5
8 1
9 6
10 3
11 7
12 6
12 7
12 8
14 8
16 6
16 8
17 10
17 16
18 1
18 10
19 12
20 9
20 10
20 19
21 2
22 10
24 3
24 5
24 8
24 19
25 9
25 19
26 2
26 9
26 14
26 17
26 19
27 17
27 23
27 26
28 12
29 3
29 18
29 20
29 26
29 28
30 16
31 11
31 16
31 27
32 3
32 25
34 4
34 19
34 20
35 6
35 8
35 9
35 10
35 23
35 27
36 1
36 7
36 10
36 17
36 19
37 6
37 21
38 9
38 22
38 23
38 25
38 26
38 33
38 37
39 15
39 21
39 24
39 28
39 36
40 6
40 13
40 15
40 16
40 28
40 39
41 2
41 18
41 34
41 38
42 25
43 8
43 18
43 24
43 26
43 39
44 14
44 16
44 25
44 39
44 43
45 27
45 37

uw4
type: 0
density: 0.100