35
148
1100 1450

271 852 349
390 672 512
501 701 183
583 309 166
605 560 239
229 607 551
444 514 605
641 937 383
658 327 658
257 877 579
291 697 287
525 320 416
406 712 527
651 594 378
549 714 659
521 704 218
349 309 511
301 864 279
510 908 191
704 775 437
505 363 414
633 423 465
462 560 488
524 880 571
373 672 521
246 837 712
413 723 523
368 335 717
432 540 286
501 866 307
427 798 410
315 551 483
645 522 361
662 459 166
675 696 404

2 1
5 1
5 2
6 2
7 1
7 5
8 6
9 2
10 1
10 2
10 4
11 3
11 5
11 6
11 8
12 1
12 2
12 6
12 7
12 8
12 9
13 2
13 4
13 6
13 11
14 5
14 8
14 11
15 1
15 3
15 4
16 1
16 2
16 4
16 5
16 7
16 8
16 11
16 13
17 2
17 3
17 5
17 10
18 15
19 4
19 6
19 7
19 9
19 13
19 15
20 7
20 9
20 19
21 6
21 7
21 8
21 11
21 14
21 15
21 16
22 1
22 3
22 4
22 6
22 12
22 13
23 9
23 10
23 16
23 18
24 2
24 9
24 12
24 13
24 19
25 6
25 7
25 9
25 14
25 16
25 19
25 21
26 2
26 4
26 9
26 13
26 15
26 16
26 18
26 20
26 22
26 23
27 1
27 2
27 7
27 16
27 24
27 25
28 10
28 11
28 13
28 15
28 21
28 27
29 1
29 5
29 14
29 15
29 16
29 17
29 19
30 4
30 5
30 23
30 24
30 26
30 27
31 9
31 10
31 13
31 14
32 3
32 7
32 8
32 25
32 31
33 12
33 20
33 26
33 30
34 6
34 8
34 14
34 21
34 23
34 31
35 9
35 10
35 11
35 12
35 16
35 19
35 20
35 22
35 24
35 26
35 28
35 30

uw5
type: 0
density: 0.250