47
183
1750 1542

738 531 253
1136 848 191
524 898 622
1035 700 259
358 886 700
738 430 325
707 934 150
914 971 381
599 454 459
1003 875 652
366 917 264
561 396 154
862 875 359
474 375 280
758 343 447
777 686 657
1008 622 208
939 888 649
779 452 511
595 564 403
1022 325 434
409 347 383
739 518 248
518 598 606
499 360 254
454 828 469
654 911 284
830 653 705
1060 747 340
809 596 713
905 758 484
917 433 694
385 531 429
940 457 626
508 881 578
619 872 748
834 788 708
1069 578 717
677 493 235
554 491 365
928 731 660
481 464 608
982 982 173
516 533 672
613 415 482
464 831 420
1043 416 276

5 3
5 4
7 2
7 3
7 5
9 4
9 5
12 5
12 10
13 8
13 11
15 3
15 4
15 14
16 1
16 2
16 4
16 5
17 1
17 9
18 2
18 6
18 16
19 2
19 16
20 2
20 4
20 5
20 8
20 11
20 15
21 6
21 8
21 11
21 16
21 18
22 2
22 6
22 17
22 20
23 2
23 4
23 12
23 14
24 7
24 18
25 9
25 23
26 2
26 8
26 14
26 18
26 19
26 25
27 3
27 4
27 20
28 5
28 7
28 18
28 25
29 1
29 2
29 3
29 7
29 10
29 28
30 6
30 8
30 9
30 17
30 18
30 19
30 20
31 15
31 20
31 23
31 26
31 28
31 29
31 30
32 9
32 20
32 21
33 3
33 4
33 11
33 16
33 19
33 22
34 3
34 7
34 8
34 23
34 24
35 2
35 5
35 28
35 31
35 34
36 2
36 4
36 8
36 11
36 14
36 22
36 33
37 22
38 9
38 15
38 17
38 23
38 29
38 34
38 35
39 5
39 7
39 34
39 36
39 37
40 5
40 9
40 10
40 14
40 15
40 34
41 20
41 23
41 24
41 26
41 35
42 15
42 16
42 18
42 23
42 33
42 39
43 6
43 12
43 17
43 19
43 20
43 38
44 3
44 10
44 11
44 12
44 15
44 26
44 27
44 31
44 33
45 3
45 9
45 12
45 15
45 19
45 20
45 32
45 33
45 35
45 40
46 5
46 9
46 10
46 11
46 17
46 18
46 21
46 25
46 26
46 30
46 34
46 35
47 4
47 11
47 12
47 21
47 23
47 24
47 28
47 32
47 40

uw6
type: 0
density: 0.170