50
122
2250 1875

611 788 184
884 928 393
875 990 243
936 961 479
1224 958 707
791 1163 378
1139 848 425
1002 747 637
988 434 635
1181 1024 223
868 1043 225
598 580 733
1252 479 727
507 467 654
984 438 727
1020 1067 696
1304 467 319
774 458 410
1314 796 737
679 881 328
1197 745 677
1379 418 732
846 1093 427
672 1014 466
869 578 463
710 1148 618
914 844 355
807 1160 399
685 1050 677
1432 425 734
1257 929 291
1041 482 408
920 1152 559
1022 878 550
1085 643 492
849 553 299
534 1018 413
720 630 182
574 863 701
1120 510 532
872 813 402
762 377 207
1084 510 327
615 818 461
1328 1041 238
1175 638 329
486 441 643
494 957 719
1219 787 657
1019 668 500

5 2
7 2
7 6
8 2
9 4
10 1
11 6
11 8
13 4
13 12
14 3
14 7
15 14
16 8
16 14
17 8
18 2
18 3
18 11
19 13
19 14
20 5
20 10
20 16
21 19
22 13
22 18
23 4
23 7
23 11
24 6
24 9
24 10
25 2
26 11
26 12
27 9
27 13
27 24
28 4
28 9
29 4
29 17
29 22
30 3
31 6
31 7
31 23
32 10
32 25
33 3
33 16
34 30
35 26
35 27
36 16
36 18
36 19
36 24
36 32
37 26
37 36
38 9
38 17
39 21
39 32
40 6
40 18
40 23
40 24
41 2
41 16
41 25
41 30
41 36
41 39
42 34
43 12
43 13
43 16
43 38
44 20
44 23
45 5
45 9
45 11
45 14
45 17
45 19
45 21
45 29
45 30
45 35
45 39
45 42
46 6
46 9
46 22
46 26
46 27
46 29
46 45
47 19
47 31
48 2
48 4
48 20
48 24
48 28
48 36
48 47
49 34
49 36
49 39
49 46
50 8
50 17
50 30
50 32
50 34
50 43
50 48

uw7
type: 0
density: 0.100