55
371
2645 2763

1702 578 212
539 1306 475
1046 866 559
693 896 707
682 673 497
792 1350 506
1458 1169 388
1627 1620 563
1584 1150 161
1675 800 633
599 615 323
671 1199 183
1232 1050 541
1015 1428 402
1184 572 685
950 1107 510
1165 1560 475
1271 1082 598
1063 717 241
1662 1576 426
686 1422 467
1102 1593 370
1708 1347 710
807 757 706
715 1462 228
711 1072 246
764 1769 568
1582 1532 488
1472 1283 582
1270 890 215
634 1486 321
1017 677 565
988 912 362
1060 1655 235
1519 952 255
990 1596 468
1466 566 206
1295 683 330
910 1083 237
1196 1616 229
617 602 267
1674 1046 711
1012 1059 438
839 682 641
678 1661 740
1595 914 168
1381 905 347
1146 1410 412
1616 1598 694
1530 1710 566
1641 679 259
636 1207 462
1645 619 356
1688 769 564
697 1521 163

4 3
6 3
7 4
7 6
8 3
9 3
9 4
9 5
10 3
10 6
11 2
11 5
11 7
12 1
12 4
12 6
12 7
12 8
14 5
14 8
14 10
14 11
15 2
15 4
15 11
16 1
16 5
16 11
16 13
17 6
17 7
17 8
17 11
17 12
17 13
17 15
18 5
18 9
18 15
18 16
19 2
19 3
19 6
19 7
19 13
19 15
19 18
20 1
20 4
20 6
20 7
20 8
20 9
20 10
20 11
20 15
20 16
20 18
21 4
21 14
21 15
21 18
21 19
21 20
22 2
22 4
22 12
22 14
22 20
23 2
23 6
23 7
23 9
23 10
23 12
23 15
23 18
23 20
23 22
24 1
24 13
25 3
25 10
25 11
25 16
25 17
25 20
25 24
26 7
26 9
26 13
26 14
26 24
27 2
27 6
27 8
27 9
27 10
27 11
27 13
27 16
27 17
27 23
27 25
28 4
28 6
28 10
28 11
28 19
28 22
29 3
29 11
29 13
29 24
29 26
30 1
30 4
30 6
30 7
30 8
30 11
30 20
30 21
30 24
30 26
30 29
31 9
31 10
31 15
31 24
31 26
31 27
31 30
32 1
32 5
32 6
32 10
32 13
32 15
32 21
32 22
32 26
33 7
33 15
33 29
33 31
34 12
34 15
34 17
34 21
34 23
34 28
34 29
34 30
34 31
34 32
34 33
35 10
35 14
35 26
36 17
36 19
36 26
36 27
36 29
37 2
37 6
37 8
37 13
37 16
37 22
37 23
37 35
38 1
38 12
38 14
38 18
38 23
38 24
38 26
38 30
38 34
39 2
39 4
39 9
39 13
39 16
39 17
39 18
39 19
39 25
39 27
39 28
39 31
39 35
39 36
39 37
40 2
40 6
40 8
40 12
40 14
40 16
40 19
40 20
40 25
40 26
40 32
40 36
41 5
41 12
41 15
41 16
41 18
41 22
41 26
41 28
41 29
41 31
41 34
41 38
42 3
42 5
42 7
42 11
42 13
42 14
42 17
42 20
42 25
42 33
42 36
42 40
42 41
43 9
43 10
43 12
43 20
43 39
43 41
44 6
44 9
44 11
44 13
44 18
44 22
44 31
44 36
44 41
44 42
44 43
45 1
45 2
45 13
45 14
45 18
45 20
45 25
45 26
45 29
45 33
45 39
46 10
46 17
46 23
46 30
46 34
46 37
46 38
46 41
46 43
47 11
47 13
47 23
47 37
47 40
47 42
48 8
48 9
48 11
48 24
48 31
48 35
48 36
48 38
48 40
48 42
49 6
49 8
49 12
49 20
49 23
49 32
49 33
49 36
49 38
50 3
50 6
50 7
50 8
50 9
50 10
50 11
50 12
50 14
50 19
50 33
50 34
50 35
50 38
50 39
50 44
50 48
50 49
51 2
51 5
51 15
51 21
51 24
51 26
51 34
51 44
51 46
51 47
51 49
52 4
52 8
52 15
52 19
52 20
52 24
52 25
52 28
52 29
52 42
52 45
52 46
52 47
53 7
53 18
53 32
53 34
53 39
53 40
53 44
53 45
53 50
54 1
54 12
54 15
54 19
54 23
54 24
54 35
54 36
54 42
54 43
54 44
54 47
54 48
54 50
55 1
55 2
55 10
55 25
55 28
55 31
55 39
55 41
55 43
55 47

uw8
type: 0
density: 0.250