45
247
3000 3250

997 1190 413
794 1010 167
923 1456 612
1794 992 222
1775 1561 660
1633 1397 151
1541 826 443
1557 1602 689
1627 1794 258
1237 1319 445
1147 723 162
661 1535 253
1105 1906 520
1764 799 208
1811 1804 264
1688 1455 511
1936 855 426
877 1538 390
1202 975 433
1005 864 413
1108 999 231
1942 1762 549
1194 1802 661
1557 750 386
627 1704 291
1675 2084 542
1787 709 548
715 933 579
1589 1610 596
992 857 230
1529 1365 527
1668 1541 600
1142 1138 594
1526 1146 662
847 1188 669
796 2083 704
818 722 206
940 1233 467
1801 1996 242
655 1998 708
1751 1358 586
1676 1466 576
1053 1299 408
767 1729 180
1083 2095 488

4 1
4 2
4 3
5 1
5 2
6 5
8 1
8 4
8 7
10 1
10 7
10 8
11 2
11 8
11 10
12 1
12 3
12 4
12 5
12 9
12 11
13 4
14 1
14 5
14 8
15 3
15 7
15 9
15 11
16 3
16 4
16 6
16 10
17 1
17 5
17 12
17 13
18 2
18 3
19 14
19 16
19 17
19 18
20 7
20 10
20 12
20 15
20 18
20 19
21 3
21 8
21 10
21 18
21 20
22 1
22 4
22 5
22 17
23 2
23 11
23 17
23 19
23 20
24 1
24 4
24 8
24 10
24 15
24 19
25 6
25 7
25 9
25 15
26 5
26 7
26 10
26 11
26 16
26 17
26 18
26 19
26 20
27 4
27 5
27 11
27 12
27 22
28 5
28 7
28 13
28 14
28 15
28 16
28 18
28 20
28 25
28 26
29 3
29 7
29 8
29 10
29 11
29 12
29 15
29 19
29 20
29 22
29 28
30 10
30 11
30 13
30 17
30 27
30 28
31 1
31 4
31 6
31 7
31 11
31 15
31 16
31 22
31 25
31 27
32 2
32 21
32 29
32 30
32 31
33 1
33 9
33 10
33 15
33 17
33 19
33 20
33 24
33 28
34 1
34 16
34 23
34 24
34 26
34 28
35 1
35 5
35 13
35 14
35 20
35 23
35 25
35 29
35 33
36 2
36 3
36 7
36 8
36 10
36 16
36 17
36 20
36 23
36 24
36 25
36 27
36 32
36 35
37 6
37 11
37 18
37 19
37 20
37 26
37 28
37 34
37 36
38 3
38 13
38 25
38 27
38 32
38 35
39 1
39 6
39 7
39 9
39 26
40 6
40 7
40 14
40 19
40 21
40 26
40 28
40 29
40 30
40 34
40 36
41 9
41 12
41 15
41 18
41 20
41 21
41 30
41 36
42 5
42 7
42 12
42 15
42 17
42 18
42 22
42 23
42 24
42 30
42 33
42 37
42 40
43 15
43 17
43 30
43 32
43 36
43 40
44 3
44 15
44 17
44 21
44 27
44 34
44 35
44 37
45 1
45 4
45 5
45 10
45 11
45 16
45 20
45 24
45 28
45 34
45 39
45 42
45 43
45 44

uw9
type: 0
density: 0.250