20
47
40 70

31 43 500
30 41 480
29 39 460
28 38 440
27 37 420
26 36 410
25 35 400
24 34 380
33 23 360
22 32 340
31 21 320
29 18 300
17 27 280
15 24 240
16 25 260
15 24 240
23 14 220
21 12 180
19 11 160
9 17 140

4 1
6 3
7 3
7 4
7 5
7 6
8 2
8 4
8 6
9 5
10 1
11 5
12 2
12 6
12 11
13 3
13 5
13 9
13 12
14 10
14 11
15 1
15 3
15 4
15 7
15 9
16 6
16 7
16 9
16 13
17 6
17 11
17 16
18 1
18 6
18 14
19 13
19 14
19 15
19 16
19 18
20 1
20 3
20 11
20 12
20 13
20 16

cgcut3
type: 0
density: 0.250